M = zeros(1000,2);
M(1,:) = [519432,525806];
M(2,:) = [632382,518061];
M(3,:) = [78864,613712];
M(4,:) = [466580,530130];
M(5,:) = [780495,510032];
M(6,:) = [525895,525320];
M(7,:) = [15991,714883];
M(8,:) = [960290,502358];
M(9,:) = [760018,511029];
M(10,:) = [166800,575487];
M(11,:) = [210884,564478];
M(12,:) = [555151,523163];
M(13,:) = [681146,515199];
M(14,:) = [563395,522587];
M(15,:) = [738250,512126];
M(16,:) = [923525,503780];
M(17,:) = [595148,520429];
M(18,:) = [177108,572629];
M(19,:) = [750923,511482];
M(20,:) = [440902,532446];
M(21,:) = [881418,505504];
M(22,:) = [422489,534197];
M(23,:) = [979858,501616];
M(24,:) = [685893,514935];
M(25,:) = [747477,511661];
M(26,:) = [167214,575367];
M(27,:) = [234140,559696];
M(28,:) = [940238,503122];
M(29,:) = [728969,512609];
M(30,:) = [232083,560102];
M(31,:) = [900971,504694];
M(32,:) = [688801,514772];
M(33,:) = [189664,569402];
M(34,:) = [891022,505104];
M(35,:) = [445689,531996];
M(36,:) = [119570,591871];
M(37,:) = [821453,508118];
M(38,:) = [371084,539600];
M(39,:) = [911745,504251];
M(40,:) = [623655,518600];
M(41,:) = [144361,582486];
M(42,:) = [352442,541775];
M(43,:) = [420726,534367];
M(44,:) = [295298,549387];
M(45,:) = [6530,787777];
M(46,:) = [468397,529976];
M(47,:) = [672336,515696];
M(48,:) = [431861,533289];
M(49,:) = [84228,610150];
M(50,:) = [805376,508857];
M(51,:) = [444409,532117];
M(52,:) = [33833,663511];
M(53,:) = [381850,538396];
M(54,:) = [402931,536157];
M(55,:) = [92901,604930];
M(56,:) = [304825,548004];
M(57,:) = [731917,512452];
M(58,:) = [753734,511344];
M(59,:) = [51894,637373];
M(60,:) = [151578,580103];
M(61,:) = [295075,549421];
M(62,:) = [303590,548183];
M(63,:) = [333594,544123];
M(64,:) = [683952,515042];
M(65,:) = [60090,628880];
M(66,:) = [951420,502692];
M(67,:) = [28335,674991];
M(68,:) = [714940,513349];
M(69,:) = [343858,542826];
M(70,:) = [549279,523586];
M(71,:) = [804571,508887];
M(72,:) = [260653,554881];
M(73,:) = [291399,549966];
M(74,:) = [402342,536213];
M(75,:) = [408889,535550];
M(76,:) = [40328,652524];
M(77,:) = [375856,539061];
M(78,:) = [768907,510590];
M(79,:) = [165993,575715];
M(80,:) = [976327,501755];
M(81,:) = [898500,504795];
M(82,:) = [360404,540830];
M(83,:) = [478714,529095];
M(84,:) = [694144,514472];
M(85,:) = [488726,528258];
M(86,:) = [841380,507226];
M(87,:) = [328012,544839];
M(88,:) = [22389,690868];
M(89,:) = [604053,519852];
M(90,:) = [329514,544641];
M(91,:) = [772965,510390];
M(92,:) = [492798,527927];
M(93,:) = [30125,670983];
M(94,:) = [895603,504906];
M(95,:) = [450785,531539];
M(96,:) = [840237,507276];
M(97,:) = [380711,538522];
M(98,:) = [63577,625673];
M(99,:) = [76801,615157];
M(100,:) = [502694,527123];
M(101,:) = [597706,520257];
M(102,:) = [310484,547206];
M(103,:) = [944468,502959];
M(104,:) = [121283,591152];
M(105,:) = [451131,531507];
M(106,:) = [566499,522367];
M(107,:) = [425373,533918];
M(108,:) = [40240,652665];
M(109,:) = [39130,654392];
M(110,:) = [714926,513355];
M(111,:) = [469219,529903];
M(112,:) = [806929,508783];
M(113,:) = [287970,550487];
M(114,:) = [92189,605332];
M(115,:) = [103841,599094];
M(116,:) = [671839,515725];
M(117,:) = [452048,531421];
M(118,:) = [987837,501323];
M(119,:) = [935192,503321];
M(120,:) = [88585,607450];
M(121,:) = [613883,519216];
M(122,:) = [144551,582413];
M(123,:) = [647359,517155];
M(124,:) = [213902,563816];
M(125,:) = [184120,570789];
M(126,:) = [258126,555322];
M(127,:) = [502546,527130];
M(128,:) = [407655,535678];
M(129,:) = [401528,536306];
M(130,:) = [477490,529193];
M(131,:) = [841085,507237];
M(132,:) = [732831,512408];
M(133,:) = [833000,507595];
M(134,:) = [904694,504542];
M(135,:) = [581435,521348];
M(136,:) = [455545,531110];
M(137,:) = [873558,505829];
M(138,:) = [94916,603796];
M(139,:) = [720176,513068];
M(140,:) = [545034,523891];
M(141,:) = [246348,557409];
M(142,:) = [556452,523079];
M(143,:) = [832015,507634];
M(144,:) = [173663,573564];
M(145,:) = [502634,527125];
M(146,:) = [250732,556611];
M(147,:) = [569786,522139];
M(148,:) = [216919,563178];
M(149,:) = [521815,525623];
M(150,:) = [92304,605270];
M(151,:) = [164446,576167];
M(152,:) = [753413,511364];
M(153,:) = [11410,740712];
M(154,:) = [448845,531712];
M(155,:) = [925072,503725];
M(156,:) = [564888,522477];
M(157,:) = [7062,780812];
M(158,:) = [641155,517535];
M(159,:) = [738878,512100];
M(160,:) = [636204,517828];
M(161,:) = [372540,539436];
M(162,:) = [443162,532237];
M(163,:) = [571192,522042];
M(164,:) = [655350,516680];
M(165,:) = [299741,548735];
M(166,:) = [581914,521307];
M(167,:) = [965471,502156];
M(168,:) = [513441,526277];
M(169,:) = [808682,508700];
M(170,:) = [237589,559034];
M(171,:) = [543300,524025];
M(172,:) = [804712,508889];
M(173,:) = [247511,557192];
M(174,:) = [543486,524008];
M(175,:) = [504383,526992];
M(176,:) = [326529,545039];
M(177,:) = [792493,509458];
M(178,:) = [86033,609017];
M(179,:) = [126554,589005];
M(180,:) = [579379,521481];
M(181,:) = [948026,502823];
M(182,:) = [404777,535969];
M(183,:) = [265767,554022];
M(184,:) = [266876,553840];
M(185,:) = [46631,643714];
M(186,:) = [492397,527958];
M(187,:) = [856106,506581];
M(188,:) = [795757,509305];
M(189,:) = [748946,511584];
M(190,:) = [294694,549480];
M(191,:) = [409781,535463];
M(192,:) = [775887,510253];
M(193,:) = [543747,523991];
M(194,:) = [210592,564536];
M(195,:) = [517119,525990];
M(196,:) = [520253,525751];
M(197,:) = [247926,557124];
M(198,:) = [592141,520626];
M(199,:) = [346580,542492];
M(200,:) = [544969,523902];
M(201,:) = [506501,526817];
M(202,:) = [244520,557738];
M(203,:) = [144745,582349];
M(204,:) = [69274,620858];
M(205,:) = [292620,549784];
M(206,:) = [926027,503687];
M(207,:) = [736320,512225];
M(208,:) = [515528,526113];
M(209,:) = [407549,535688];
M(210,:) = [848089,506927];
M(211,:) = [24141,685711];
M(212,:) = [9224,757964];
M(213,:) = [980684,501586];
M(214,:) = [175259,573121];
M(215,:) = [489160,528216];
M(216,:) = [878970,505604];
M(217,:) = [969546,502002];
M(218,:) = [525207,525365];
M(219,:) = [690461,514675];
M(220,:) = [156510,578551];
M(221,:) = [659778,516426];
M(222,:) = [468739,529945];
M(223,:) = [765252,510770];
M(224,:) = [76703,615230];
M(225,:) = [165151,575959];
M(226,:) = [29779,671736];
M(227,:) = [928865,503569];
M(228,:) = [577538,521605];
M(229,:) = [927555,503618];
M(230,:) = [185377,570477];
M(231,:) = [974756,501809];
M(232,:) = [800130,509093];
M(233,:) = [217016,563153];
M(234,:) = [365709,540216];
M(235,:) = [774508,510320];
M(236,:) = [588716,520851];
M(237,:) = [631673,518104];
M(238,:) = [954076,502590];
M(239,:) = [777828,510161];
M(240,:) = [990659,501222];
M(241,:) = [597799,520254];
M(242,:) = [786905,509727];
M(243,:) = [512547,526348];
M(244,:) = [756449,511212];
M(245,:) = [869787,505988];
M(246,:) = [653747,516779];
M(247,:) = [84623,609900];
M(248,:) = [839698,507295];
M(249,:) = [30159,670909];
M(250,:) = [797275,509234];
M(251,:) = [678136,515373];
M(252,:) = [897144,504851];
M(253,:) = [989554,501263];
M(254,:) = [413292,535106];
M(255,:) = [55297,633667];
M(256,:) = [788650,509637];
M(257,:) = [486748,528417];
M(258,:) = [150724,580377];
M(259,:) = [56434,632490];
M(260,:) = [77207,614869];
M(261,:) = [588631,520859];
M(262,:) = [611619,519367];
M(263,:) = [100006,601055];
M(264,:) = [528924,525093];
M(265,:) = [190225,569257];
M(266,:) = [851155,506789];
M(267,:) = [682593,515114];
M(268,:) = [613043,519275];
M(269,:) = [514673,526183];
M(270,:) = [877634,505655];
M(271,:) = [878905,505602];
M(272,:) = [1926,914951];
M(273,:) = [613245,519259];
M(274,:) = [152481,579816];
M(275,:) = [841774,507203];
M(276,:) = [71060,619442];
M(277,:) = [865335,506175];
M(278,:) = [90244,606469];
M(279,:) = [302156,548388];
M(280,:) = [399059,536557];
M(281,:) = [478465,529113];
M(282,:) = [558601,522925];
M(283,:) = [69132,620966];
M(284,:) = [267663,553700];
M(285,:) = [988276,501310];
M(286,:) = [378354,538787];
M(287,:) = [529909,525014];
M(288,:) = [161733,576968];
M(289,:) = [758541,511109];
M(290,:) = [823425,508024];
