M{1} = [-340, 495; -153, -910; 835, -947];
M{2} = [-175, 41; -421, -714; 574, -645];
M{3} = [-547, 712; -352, 579; 951, -786];
M{4} = [419, -864; -83, 650; -399, 171];
M{5} = [-429, -89; -357, -930; 296, -29];
M{6} = [-734, -702; 823, -745; -684, -62];
M{7} = [-971, 762; 925, -776; -663, -157];
M{8} = [162, 570; 628, 485; -807, -896];
M{9} = [641, 91; -65, 700; 887, 759];
M{10} = [215, -496; 46, -931; 422, -30];
M{11} = [-119, 359; 668, -609; -358, -494];
M{12} = [440, 929; 968, 214; 760, -857];
M{13} = [-700, 785; 838, 29; -216, 411];
M{14} = [-770, -458; -325, -53; -505, 633];
M{15} = [-752, -805; 349, 776; -799, 687];
M{16} = [323, 5; 561, -36; 919, -560];
M{17} = [-907, 358; 264, 320; 204, 274];
M{18} = [-728, -466; 350, 969; 292, -345];
M{19} = [940, 836; 272, -533; 748, 185];
M{20} = [411, 998; 813, 520; 316, -949];
M{21} = [-152, 326; 658, -762; 148, -651];
M{22} = [330, 507; -9, -628; 101, 174];
M{23} = [551, -496; 772, -541; -702, -45];
M{24} = [-164, -489; -90, 322; 631, -59];
M{25} = [673, 366; -4, -143; -606, -704];
M{26} = [428, -609; 801, -449; 740, -269];
M{27} = [453, -924; -785, -346; -853, 111];
M{28} = [-738, 555; -181, 467; -426, -20];
M{29} = [958, -692; 784, -343; 505, -569];
M{30} = [620, 27; 263, 54; -439, -726];
M{31} = [804, 87; 998, 859; 871, -78];
M{32} = [-119, -453; -709, -292; -115, -56];
M{33} = [-626, 138; -940, -476; -177, -274];
M{34} = [-11, 160; 142, 588; 446, 158];
M{35} = [538, 727; 550, 787; 330, 810];
M{36} = [420, -689; 854, -546; 337, 516];
M{37} = [872, -998; -607, 748; 473, -192];
M{38} = [653, 440; -516, -985; 808, -857];
M{39} = [374, -158; 331, -940; -338, -641];
M{40} = [137, -925; -179, 771; 734, -715];
M{41} = [-314, 198; -115, 29; -641, -39];
M{42} = [759, -574; -385, 355; 590, -603];
M{43} = [-189, -63; -168, 204; 289, 305];
M{44} = [-182, -524; -715, -621; 911, -255];
M{45} = [331, -816; -833, 471; 168, 126];
M{46} = [-514, 581; -855, -220; -731, -507];
M{47} = [129, 169; 576, 651; -87, -458];
M{48} = [783, -444; -881, 658; -266, 298];
M{49} = [603, -430; -598, 585; 368, 899];
M{50} = [43, -724; 962, -376; 851, 409];
M{51} = [-610, -646; -883, -261; -482, -881];
M{52} = [-117, -237; 978, 641; 101, -747];
M{53} = [579, 125; -715, -712; 208, 534];
M{54} = [672, -214; -762, 372; 874, 533];
M{55} = [-564, 965; 38, 715; 367, 242];
M{56} = [500, 951; -700, -981; -61, -178];
M{57} = [-382, -224; -959, 903; -282, -60];
M{58} = [-355, 295; 426, -331; -591, 655];
M{59} = [892, 128; 958, -271; -993, 274];
M{60} = [-454, -619; 302, 138; -790, -874];
M{61} = [-642, 601; -574, 159; -290, -318];
M{62} = [266, -109; 257, -686; 54, 975];
M{63} = [162, 628; -478, 840; 264, -266];
M{64} = [466, -280; 982, 1; 904, -810];
M{65} = [721, 839; 730, -807; 777, 981];
M{66} = [-129, -430; 748, 263; 943, 96];
M{67} = [434, -94; 410, -990; 249, -704];
M{68} = [237, 42; 122, -732; 44, -51];
M{69} = [909, -116; -229, 545; 292, 717];
M{70} = [824, -768; -807, -370; -262, 30];
M{71} = [675, 58; 332, -890; -651, 791];
M{72} = [363, 825; -717, 254; 684, 240];
M{73} = [405, -715; 900, 166; -589, 422];
M{74} = [-476, 686; -830, -319; 634, -807];
M{75} = [633, 837; -971, 917; -764, 207];
M{76} = [-116, -44; -193, -70; 908, 809];
M{77} = [-26, -252; 998, 408; 70, -713];
M{78} = [-601, 645; -462, 842; -644, -591];
M{79} = [-160, 653; 274, 113; -138, 687];
M{80} = [369, -273; -181, 925; -167, -693];
M{81} = [-338, 135; 480, -967; -13, -840];
M{82} = [-90, -270; -564, 695; 161, 907];
M{83} = [607, -430; 869, -713; 461, -469];
M{84} = [919, -165; -776, 522; 606, -708];
M{85} = [-203, 465; 288, 207; -339, -458];
M{86} = [-453, -534; -715, 975; 838, -677];
M{87} = [-973, 310; -350, 934; 546, -805];
M{88} = [-835, 385; 708, -337; -594, -772];
M{89} = [-14, 914; 900, -495; -627, 594];
M{90} = [833, -713; -213, 578; -296, 699];
M{91} = [-27, -748; 484, 455; 915, 291];
M{92} = [270, 889; 739, -57; 442, -516];
M{93} = [119, 811; -679, 905; 184, 130];
M{94} = [-678, -469; 925, 553; 612, 482];
M{95} = [101, -571; -732, -842; 644, 588];
M{96} = [-71, -737; 566, 616; 957, -663];
M{97} = [-634, -356; 90, -207; 936, 622];
M{98} = [598, 443; 964, -895; -58, 529];
M{99} = [847, -467; 929, -742; 91, 10];
M{100} = [-633, 829; -780, -408; 222, -30];
M{101} = [-818, 57; 275, -38; -746, 198];
M{102} = [-722, -825; -549, 597; -391, 99];
M{103} = [-570, 908; 430, 873; -103, -360];
M{104} = [342, -681; 512, 434; 542, -528];
M{105} = [297, 850; 479, 609; 543, -357];
M{106} = [9, 784; 212, 548; 56, 859];
M{107} = [-152, 560; -240, -969; -18, 713];
M{108} = [140, -133; 34, -635; 250, -163];
M{109} = [-272, -22; -169, -662; 989, -604];
M{110} = [471, -765; 355, 633; -742, -118];
M{111} = [-118, 146; 942, 663; 547, -376];
M{112} = [583, 16; 162, 264; 715, -33];
M{113} = [-230, -446; 997, -838; 561, 555];
M{114} = [372, 397; -729, -318; -276, 649];
M{115} = [92, 982; -970, -390; -922, 922];
M{116} = [-981, 713; -951, -337; -669, 670];
M{117} = [-999, 846; -831, -504; 7, -128];
M{118} = [455, -954; -370, 682; -510, 45];
M{119} = [822, -960; -892, -385; -662, 314];
M{120} = [-668, -686; -367, -246; 530, -341];
M{121} = [-723, -720; -926, -836; -142, 757];
M{122} = [-509, -134; 384, -221; -873, -639];
M{123} = [-803, -52; -706, -669; 373, -339];
M{124} = [933, 578; 631, -616; 770, 555];
M{125} = [741, -564; -33, -605; -576, 275];
M{126} = [-715, 445; -233, -730; 734, -704];
M{127} = [120, -10; -266, -685; -490, -17];
M{128} = [-232, -326; -457, -946; -457, -116];
M{129} = [811, 52; 639, 826; -200, 147];
M{130} = [-329, 279; 293, 612; 943, 955];
M{131} = [-721, -894; -393, -969; -642, 453];
M{132} = [-688, -826; -352, -75; 371, 79];
M{133} = [-809, -979; 407, 497; 858, -248];
M{134} = [-485, -232; -242, -582; -81, 849];
M{135} = [141, -106; 123, -152; 806, -596];
M{136} = [-428, 57; -992, 811; -192, 478];
M{137} = [864, 393; 122, 858; 255, -876];
M{138} = [-284, -780; 240, 457; 354, -107];
M{139} = [956, 605; -477, 44; 26, -678];
M{140} = [86, 710; -533, -815; 439, 327];
M{141} = [-906, -626; -834, 763; 426, -48];
M{142} = [201, -150; -904, 652; 475, 412];
M{143} = [-247, 149; 81, -199; -531, -148];
M{144} = [923, -76; -353, 175; -121, -223];
M{145} = [427, -674; 453, 472; -410, 585];
M{146} = [931, 776; -33, 85; -962, -865];
M{147} = [-655, -908; -902, 208; 869, 792];
M{148} = [-316, -102; -45, -436; -222, 885];
M{149} = [-309, 768; -574, 653; 745, -975];
M{150} = [896, 27; -226, 993; 332, 198];
M{151} = [323, 655; -89, 260; 240, -902];
M{152} = [501, -763; -424, 793; 813, 616];
M{153} = [993, 375; -938, -621; 672, -70];
M{154} = [-880, -466; -283, 770; -824, 143];
M{155} = [63, -283; 886, -142; 879, -116];
M{156} = [-964, -50; -521, -42; -306, -161];
M{157} = [724, -22; 866, -871; 933, -383];
M{158} = [-344, 135; 282, 966; -80, 917];
M{159} = [-281, -189; 420, 810; 362, -582];
M{160} = [-515, 455; -588, 814; 162, 332];
M{161} = [555, -436; -123, -210; 869, -943];
M{162} = [589, 577; 232, 286; -554, 876];
M{163} = [-773, 127; -58, -171; -452, 125];
M{164} = [-428, 575; 906, -232; -10, -224];
M{165} = [437, 276; -335, -348; 605, 878];
M{166} = [-964, 511; -386, -407; 168, -220];
M{167} = [307, 513; 912, -463; -423, -416];
M{168} = [-445, 539; 273, 886; -18, 760];
M{169} = [-396, -585; -670, 414; 47, 364];
M{170} = [143, -506; 754, 906; -971, -203];
M{171} = [-544, 472; -180, -541; 869, -465];
M{172} = [-779, -15; -396, 890; 972, -220];
M{173} = [-430, -564; 503, 182; -119, 456];
M{174} = [89, -10; -739, 399; 506, 499];
M{175} = [954, 162; -810, -973; 127, 870];
M{176} = [890, 952; -225, 158; 828, 237];
M{177} = [-868, 952; 349, 465; 574, 750];
M{178} = [-915, 369; -975, -596; -395, -134];
M{179} = [-135, -601; 575, 582; -667, 640];
M{180} = [413, 890; -560, -276; -555, -562];
M{181} = [-633, -269; 561, -820; -624, 499];
M{182} = [371, -92; -784, -593; 864, -717];
M{183} = [-971, 655; -439, 367; 754, -951];
M{184} = [172, -347; 36, 279; -247, -402];
M{185} = [633, -301; 364, -349; -683, -387];
M{186} = [-780, -211; -713, -948; -648, 543];
